1	130497
2	37569
3	20863
4	13800
5	9007
6	5700
7	4456
8	3939
9	3411
10	3088
11	2549
12	2424
13	1959
14	1617
15	1654
16	1484
17	1537
18	1543
19	1190
20	1337
21	1433
22	964
23	906
24	931
25	1018
26	775
27	763
28	658
29	609
30	587
31	517
32	520
33	527
34	463
35	500
36	494
37	450
38	422
39	392
40	412
41	415
42	438
43	417
44	345
45	355
46	371
47	332
48	377
49	314
50	298
51	317
52	268
53	305
54	266
55	293
56	280
57	277
58	228
59	260
60	249
61	225
62	215
63	237
64	202
65	202
66	207
67	192
68	230
69	207
70	212
71	202
72	172
73	181
74	162
75	175
76	152
77	159
78	143
79	154
80	146
81	135
82	148
83	166
84	144
85	139
86	136
87	150
88	134
89	126
90	135
91	118
92	119
93	111
94	122
95	116
96	105
97	129
98	118
99	108
100	17475
